alsa_card.pci-0000:00:1f.3:input:analog-input-internal-mic mute:1 volumes:2,0.031631,0.031631
alsa_card.pci-0000:00:1f.3:output:hdmi-output-0 mute:0 volumes:2,1.000000,1.000000
alsa_card.pci-0000:00:1f.3:output:analog-output-speaker mute:1 volumes:2,0.000000,0.000000
alsa_card.pci-0000:00:1f.3:output:analog-output-headphones mute:0 volumes:2,0.177834,0.177834
